0: 42 44 48 51 53 59 65 66 71 78 81 88 89 91
1: 36 37 38 43 50 52 62 69 71 77 79 92 93 98
2: 36 39 43 46 54 55 56 69 77 78 83 88 90 91
3: 35 42 56 57 58 60 65 66 70 73 79 82 83 85
4: 35 41 43 45 54 55 61 68 75 77 80 82 84 97
5: 34 39 46 48 51 61 64 75 79 84 87 90 92 97
6: 41 44 53 55 58 63 65 67 73 79 83 93 94 95
7: 35 36 48 52 53 55 61 67 68 71 72 85 86 95
8: 34 40 44 51 53 54 57 68 69 71 75 77 85 89
9: 33 34 35 37 40 56 57 69 78 86 90 92 93 97
10: 34 38 42 47 52 58 64 68 70 72 73 84 91 96
11: 34 41 46 48 49 57 61 66 67 70 80 81 85 98
12: 40 41 48 49 52 54 55 66 72 75 86 88 92 96
13: 33 36 38 56 58 60 64 68 80 87 89 91 95 97
14: 33 39 44 50 52 60 62 81 85 86 87 92 94 96
15: 37 49 50 53 56 59 64 66 72 76 78 90 93 98
16: 33 40 51 56 62 63 64 68 72 74 76 81 83 84
17: 33 43 45 49 60 63 65 71 82 86 90 94 96 97
18: 35 38 40 42 60 62 63 70 72 75 82 85 87 88
19: 33 39 41 43 45 58 62 67 71 79 81 90 92 95
20: 39 41 45 46 47 59 61 70 73 79 85 87 95 97
21: 37 38 40 47 48 51 54 69 73 80 83 87 94 95
22: 37 42 47 50 56 63 65 75 80 82 84 86 91 95
23: 35 40 51 59 60 61 64 67 74 75 89 91 96 98
24: 43 50 53 55 59 61 63 67 70 78 81 84 87 94
25: 39 44 45 48 49 54 57 72 76 77 82 83 91 93
26: 35 37 44 47 50 57 63 76 77 81 83 84 90 93
27: 38 46 47 52 54 58 64 66 71 76 80 92 96 98
28: 34 36 42 45 50 60 62 73 74 77 88 89 94 97
29: 34 36 39 43 49 53 65 66 68 73 74 79 82 96
30: 33 42 44 49 57 58 59 67 69 70 74 88 89 98
31: 36 45 46 51 52 55 65 69 74 76 78 86 93 98
32: 37 38 41 46 47 59 62 74 76 78 80 88 89 94
33: 9 13 14 16 17 19 30 70 79 82 84 85 91 93
34: 5 8 9 10 11 28 29 67 71 82 86 87 88 91
35: 3 4 7 9 18 23 26 69 71 76 79 80 88 89
36: 1 2 7 13 28 29 31 67 76 80 83 92 94 96
37: 1 9 15 21 22 26 32 71 72 81 87 88 91 97
38: 1 10 13 18 21 27 32 66 74 75 77 83 84 97
39: 2 5 14 19 20 25 29 66 67 69 70 72 84 94
40: 8 9 12 16 18 21 23 66 70 76 77 90 91 95
41: 4 6 11 12 19 20 32 71 72 76 77 87 93 98
42: 0 3 10 18 22 28 30 67 81 83 86 87 96 97
43: 1 2 4 17 19 24 29 70 73 75 86 91 93 95
44: 0 6 8 14 25 26 30 75 78 82 87 90 95 98
45: 4 17 19 20 25 28 31 68 78 83 85 89 92 96
46: 2 5 11 20 27 31 32 75 77 81 93 94 95 96
47: 10 20 21 22 26 27 32 68 69 82 89 92 93 97
48: 0 5 7 11 12 21 25 68 70 76 89 94 96 97
49: 11 12 15 17 25 29 30 75 77 78 79 85 89 94
50: 1 14 15 22 24 26 28 66 67 69 74 83 95 96
51: 0 5 8 16 21 23 31 66 72 80 85 86 90 96
52: 1 7 10 12 14 27 31 70 74 79 80 81 88 95
53: 0 6 7 8 15 24 29 69 74 76 83 86 87 91
54: 2 4 8 12 21 25 27 73 78 84 86 89 93 98
55: 2 4 6 7 12 24 31 73 81 85 90 92 97 98
56: 2 3 9 13 15 16 22 75 81 85 88 89 92 98
57: 3 8 9 11 25 26 30 68 73 74 78 80 84 91
58: 3 6 10 13 19 27 30 72 76 81 82 87 88 94
59: 0 15 20 23 24 30 32 69 71 75 79 80 84 90
60: 3 13 14 17 18 23 28 66 68 72 77 90 92 98
61: 4 5 7 11 20 23 24 66 72 73 74 82 92 94
62: 1 14 16 18 19 28 32 68 73 78 82 86 90 98
63: 6 16 17 18 22 24 26 71 74 77 78 79 80 85
64: 5 10 13 15 16 23 27 67 71 73 79 83 93 95
65: 0 3 6 17 22 29 31 67 68 69 70 84 88 97
66: 0 3 11 12 15 27 29 38 39 40 50 51 60 61
67: 6 7 11 19 23 24 30 34 36 39 42 50 64 65
68: 4 7 8 10 13 16 29 45 47 48 57 60 62 65
69: 1 2 8 9 21 30 31 35 39 47 50 53 59 65
70: 3 10 11 18 20 24 30 33 39 40 43 48 52 65
71: 0 1 7 8 17 19 27 34 35 37 41 59 63 64
72: 7 10 12 15 16 18 25 37 39 41 51 58 60 61
73: 3 6 10 20 21 28 29 43 54 55 57 61 62 64
74: 16 23 28 29 30 31 32 38 50 52 53 57 61 63
75: 4 5 8 12 18 22 23 38 43 44 46 49 56 59
76: 15 16 25 26 27 31 32 35 36 40 41 48 53 58
77: 1 2 4 8 25 26 28 38 40 41 46 49 60 63
78: 0 2 9 15 24 31 32 44 45 49 54 57 62 63
79: 1 3 5 6 19 20 29 33 35 49 52 59 63 64
80: 4 11 13 21 22 27 32 35 36 51 52 57 59 63
81: 0 11 14 16 19 24 26 37 42 46 52 55 56 58
82: 3 4 17 18 22 25 29 33 34 44 47 58 61 62
83: 2 3 6 16 21 25 26 36 38 42 45 50 53 64
84: 4 5 10 16 22 24 26 33 38 39 54 57 59 65
85: 3 7 8 11 14 18 20 33 45 49 51 55 56 63
86: 7 9 12 14 17 22 31 34 42 43 51 53 54 62
87: 5 13 14 18 20 21 24 34 37 41 42 44 53 58
88: 0 2 12 18 28 30 32 34 35 37 52 56 58 65
89: 0 8 13 23 28 30 32 35 45 47 48 49 54 56
90: 2 5 9 15 17 19 26 40 44 51 55 59 60 62
91: 0 2 10 13 22 23 25 33 34 37 40 43 53 57
92: 1 5 9 12 14 19 27 36 45 47 55 56 60 61
93: 1 6 9 15 25 26 31 33 41 43 46 47 54 64
94: 6 14 17 21 24 28 32 36 39 46 48 49 58 61
95: 6 7 13 19 20 21 22 40 43 44 46 50 52 64
96: 10 12 14 17 23 27 29 36 42 45 46 48 50 51
97: 4 5 9 13 17 20 28 37 38 42 47 48 55 65
98: 1 11 15 23 27 30 31 41 44 54 55 56 60 62
